Threads	QPS	AvgLatency	PctLatency
4	1203.26	332.04	549.52
8	1790.95	445.87	646.19
16	2690.31	593.37	682.06
25	3222.72	774.0	909.8
50	4275.4	1165.25	1376.6
75	4800.46	1553.28	1836.24
100	4987.2	1986.96	2362.72
125	5023.84	2465.0	2880.27
150	5050.62	2944.74	3511.19
175	5148.54	3360.28	3841.98
200	5319.12	3714.34	4280.32
225	5370.77	4144.63	4683.57
250	5420.3	4528.75	5217.92
